0.05671907961368561
-0.4470043182373047
1.3003602027893066
-0.00952488835901022
-0.6929295063018799
0.4872102439403534
1.0671170949935913
-1.482187032699585
-0.2451603263616562
-0.38739776611328125
1.9515371322631836
-1.2756072282791138
0.8109974265098572
-0.023755306378006935
0.9028772711753845
0.4190727174282074
0.6581740379333496
0.1303304135799408
-0.5583469867706299
-0.21126846969127655
1.0471657514572144
-0.1814136952161789
0.7089395523071289
-0.4878529906272888
2.0956954956054688
-0.02042216621339321
0.453643262386322
2.413179636001587
-1.1429065465927124
-1.587948203086853
-0.3911456763744354
0.5965579152107239
-2.4559969902038574
1.4706053733825684
-0.009739654138684273
-1.8935247659683228
2.120450496673584
-0.775715708732605
0.3919224143028259
-0.0504675917327404
1.0842677354812622
0.42799752950668335
-0.4758051335811615
-0.6344130039215088
1.3440825939178467
2.736987352371216
1.0235539674758911
0.6508108973503113
-1.2083983421325684
0.8558895587921143
0.50592440366745
2.2314610481262207
1.1058017015457153
0.5946643948554993
0.3537794351577759
1.066428780555725
1.4450738430023193
-2.048379421234131
0.1977631002664566
-0.3367975950241089
1.7740199565887451
-1.0219796895980835
-0.883108377456665
-0.5336804986000061
1.0299032926559448
0.7731582522392273
-0.5326409935951233
-0.11574559658765793
-0.16288894414901733
-0.2688334584236145
-1.1838111877441406
-0.3927597403526306
0.7690282464027405
1.0831272602081299
-0.6554467678070068
0.5838736295700073
-1.0738908052444458
-1.12815260887146
-0.6509615778923035
1.2217044830322266
-0.559245765209198
1.5610437393188477
1.1194300651550293
1.8109222650527954
-0.5478172898292542
0.02524484507739544
-1.2218135595321655
1.404220461845398
-0.6783961653709412
-1.2848267555236816
-0.4788808226585388
-2.2970030307769775
-1.4294865131378174
-0.12936367094516754
0.8750694990158081
1.7737079858779907
-0.5001294612884521
1.1550419330596924
-0.3273997902870178
-0.7940086722373962
