-1.3192470073699951
-1.0478289127349854
0.7511385083198547
0.7213612794876099
-1.5681252479553223
-1.1420300006866455
-1.4692364931106567
-0.36243128776550293
0.09573637694120407
-0.2824179530143738
1.1807230710983276
1.4661110639572144
-0.3734399676322937
-2.5945560932159424
2.222808599472046
0.1124366819858551
-0.4123288094997406
-1.4522897005081177
0.5744673013687134
-0.21954204142093658
0.03683735057711601
2.057631015777588
-2.366799831390381
-0.42474281787872314
-0.6559040546417236
-1.4874504804611206
-0.6743229627609253
-0.3900960683822632
-0.8606314063072205
1.6868611574172974
-0.4447317123413086
0.6639102101325989
-0.30637362599372864
-0.3618312180042267
-0.0084180673584342
1.4781222343444824
1.3171873092651367
-0.08596489578485489
0.3473533093929291
0.07790949195623398
0.5526857376098633
0.44927915930747986
-1.1711351871490479
-0.4882567524909973
0.828029215335846
1.577454924583435
-0.30607810616493225
0.5961601734161377
0.7721962332725525
0.11505236476659775
0.13303470611572266
0.7583549618721008
0.40928515791893005
-0.40274038910865784
-0.21748234331607819
-0.598179042339325
-0.3551349341869354
1.8125580549240112
0.177143394947052
0.3682902455329895
1.202988862991333
0.6157737374305725
-1.2403233051300049
-1.9894834756851196
0.3939172923564911
1.1055415868759155
-0.17925266921520233
1.350755214691162
-0.18074306845664978
0.3501393795013428
-2.478677749633789
-0.09699403494596481
0.7427108287811279
1.3229042291641235
-0.6133317351341248
0.27154338359832764
-0.38724127411842346
0.3585506081581116
-1.0161503553390503
0.6156056523323059
-1.9409525394439697
-1.255104660987854
-0.35103854537010193
0.145578533411026
0.9510732889175415
-1.4943430423736572
0.3551486134529114
-1.7364450693130493
1.8800768852233887
-0.4708035886287689
-0.5511806607246399
-0.5846898555755615
-1.1416972875595093
0.47631120681762695
0.8208593726158142
-0.7695008516311646
-0.16014601290225983
1.307640552520752
1.6362693309783936
-0.4902639091014862
