1.3893018960952759
-0.41887181997299194
1.0923175811767578
-0.8991400003433228
0.0003772795607801527
0.888059675693512
2.651993751525879
1.7188100814819336
-0.7596240043640137
-0.6208944916725159
0.07799573987722397
0.6190966963768005
-0.4354438781738281
-1.373813509941101
1.8924223184585571
-2.1746222972869873
-1.129476547241211
0.7259211540222168
-1.1833444833755493
-0.8354518413543701
-0.25489160418510437
0.25594040751457214
-0.875347375869751
0.48712775111198425
0.4393146336078644
-0.4578147530555725
0.039930980652570724
2.734860897064209
-0.11347029358148575
0.949585497379303
0.30139732360839844
-0.6372888088226318
0.2400568425655365
-0.27533936500549316
0.6046484112739563
-0.26297900080680847
0.2453349381685257
0.4958169162273407
-1.1956640481948853
0.7136387825012207
-2.6142375469207764
0.9885309338569641
-1.7819581031799316
-0.08131109923124313
-0.5015974640846252
-1.555971622467041
-0.6304322481155396
0.9273232221603394
-0.6685507893562317
-0.08509471267461777
0.829910159111023
0.5993021130561829
-0.9757406115531921
-2.081716537475586
-0.7565862536430359
1.0567578077316284
-0.2783672511577606
-0.9193651676177979
-1.3836454153060913
0.8449084162712097
0.44042861461639404
0.4374566376209259
0.8593794703483582
-0.8688476085662842
0.26773083209991455
0.21229399740695953
-0.9711356163024902
1.6437129974365234
-0.6216346621513367
-0.044349901378154755
-0.36895692348480225
-1.3416506052017212
-1.2950148582458496
0.4903864562511444
-0.4712125360965729
-0.6080580353736877
-1.1762796640396118
1.2972843647003174
-0.9067897200584412
0.3246246874332428
-0.1340668499469757
0.7176859974861145
-1.0577999353408813
1.0656514167785645
0.3285543918609619
0.7614588141441345
0.037566158920526505
-1.2712897062301636
-0.3298896551132202
-1.5135159492492676
1.1719913482666016
-1.4521669149398804
1.1633470058441162
1.00068998336792
-1.2465863227844238
-0.8257697820663452
2.343010663986206
1.0851223468780518
0.23445865511894226
-1.8914308547973633
