0.13217873871326447
-0.09027708321809769
0.13107533752918243
0.5741897225379944
-0.6737759113311768
-0.8473882079124451
-0.49027976393699646
-0.10533466190099716
1.7110910415649414
0.1274336725473404
1.5443470478057861
0.8576108813285828
0.5097863674163818
-1.1690853834152222
-0.11245988309383392
-0.38913190364837646
-0.5765793323516846
-1.2738169431686401
-0.971616804599762
0.2679681181907654
-0.08890815079212189
-1.4302667379379272
1.2883936166763306
-0.47019147872924805
1.0655900239944458
-1.4238297939300537
-1.041430950164795
1.3435653448104858
-1.590348720550537
2.084667682647705
0.4129501283168793
0.45301997661590576
0.9929015040397644
-0.07064959406852722
-0.042805902659893036
0.2122642695903778
0.6170251369476318
0.6930260062217712
-0.7324873208999634
1.6425529718399048
-0.9324273467063904
0.9879084825515747
-1.5516242980957031
0.2071329653263092
-0.15825949609279633
0.297593891620636
-0.9560656547546387
-0.16634343564510345
-1.045937418937683
-0.47583410143852234
-2.35030198097229
-1.2505697011947632
0.44127777218818665
2.7615675926208496
0.8870711326599121
1.1078780889511108
1.3737772703170776
0.2429600954055786
-1.8391666412353516
-1.4675662517547607
0.2276248037815094
1.2290606498718262
1.8794318437576294
-0.3608657419681549
0.45038557052612305
1.6835025548934937
-0.2869870662689209
-0.567878007888794
-2.9910359382629395
0.48594793677330017
0.6828898191452026
-0.19835330545902252
-0.0653524324297905
-1.067657232284546
-0.6783058643341064
0.4678305983543396
-2.154128074645996
0.6950141191482544
-0.33697396516799927
-0.04196897894144058
1.1162055730819702
1.5816857814788818
0.19918407499790192
0.026147916913032532
1.3647905588150024
-0.08867881447076797
-0.6940141916275024
1.4140989780426025
1.092734456062317
1.4595175981521606
0.38688477873802185
-1.1655519008636475
0.23220503330230713
-0.6029758453369141
0.24675044417381287
-0.4967597723007202
-1.3721176385879517
-0.6905578374862671
-0.27053698897361755
0.9349160194396973
