-0.043625444173812866
-0.5808844566345215
1.4644676446914673
-1.20632004737854
-1.4572474956512451
-0.7390064001083374
-0.6750386357307434
-0.5421072244644165
-0.5159648060798645
0.9337592720985413
0.7148703932762146
-0.9316408634185791
0.08331676572561264
-0.11973012983798981
0.12510007619857788
0.9952645301818848
-0.4391416311264038
1.8004531860351562
0.26289984583854675
1.5784225463867188
2.2084107398986816
-0.34856685996055603
-0.6430202722549438
0.7306872606277466
0.43943217396736145
0.3329784572124481
-0.9367132186889648
0.03697013854980469
-2.097210168838501
-1.4485403299331665
-0.04001037776470184
1.3654425144195557
-0.04671518877148628
1.2385659217834473
-1.1682835817337036
0.481427937746048
-0.7125504612922668
0.27793028950691223
0.4779737889766693
1.5598506927490234
-0.5765267610549927
0.3644096851348877
-0.5838735103607178
0.22919724881649017
1.2204564809799194
-0.12674857676029205
-0.4177849590778351
0.18012967705726624
-0.1416134238243103
1.291061282157898
0.8592113852500916
-1.267752766609192
0.9269517064094543
-0.595487654209137
0.6102498769760132
0.2534332871437073
0.3653769791126251
0.9533347487449646
-0.6141768097877502
1.3460235595703125
0.40987348556518555
1.635887622833252
0.42695555090904236
0.34100341796875
-1.0594899654388428
-0.2147579789161682
0.68746417760849
-1.727159023284912
-0.09436396509408951
1.7793935537338257
-0.908513069152832
1.751934289932251
0.3948383331298828
-1.0003849267959595
-1.6967180967330933
-0.3407004773616791
-0.652649462223053
1.22186279296875
-0.8561983108520508
0.011345642618834972
0.06559570878744125
1.9064286947250366
0.5840587019920349
-0.26658961176872253
0.169908344745636
-1.8650916814804077
-1.6575474739074707
0.4206332564353943
1.3881268501281738
0.2714565694332123
-0.3715928792953491
-2.4911184310913086
-0.040810052305459976
-1.5374120473861694
0.4611945152282715
0.3805488646030426
2.6124324798583984
0.6550473570823669
-0.052970342338085175
-0.473180890083313
